# Shape: (1, 103, 32, 6, 5, 4, 8)
# Mean: 0.000000, Max: 4.645155, Min: -4.855078
First 100 values:
1.641878
2.629728
1.330540
1.507384
0.249216
-0.674018
2.148843
0.562602
0.057009
-0.802892
-0.665098
0.437166
3.194323
0.565812
-0.417056
0.217264
2.917991
0.493947
0.617577
-0.471115
-0.666072
0.934075
2.543242
0.021914
-0.405881
2.441961
-0.963032
1.164240
-0.119466
0.375834
-0.706579
0.680300
0.066376
2.136728
0.085877
-0.426977
0.075836
0.147226
-0.522412
0.862406
0.587617
0.486921
1.553569
-0.520313
-0.467449
-0.599347
1.026754
1.145953
0.471618
0.572429
1.063986
1.841264
0.656231
-0.555714
-0.036647
2.081143
0.071974
-1.616424
1.881447
3.041096
-0.647401
-0.339188
-1.220698
1.286597
0.078697
1.678153
-0.250000
-0.049848
1.251295
1.222618
1.073485
0.039398
3.471021
0.792324
0.024219
-0.781492
1.874699
-1.044365
-0.494712
1.121526
0.288823
2.162958
1.065370
1.129148
-0.163528
0.675374
0.421877
0.024754
-1.387122
-0.126992
0.966208
1.159106
1.470605
2.179837
1.505898
-0.223932
0.539334
-0.974434
-1.032001
1.729459
