# Shape: (1, 103, 32, 6, 5, 4, 8)
# Mean: 0.000982, Max: 8.848246, Min: -7.770610
First 100 values:
-0.977974
-0.741672
-2.154850
-2.183764
0.115277
2.423186
-4.904517
0.258792
0.832958
0.621112
3.424590
-0.289285
-2.788399
0.659398
-1.268459
2.693975
-2.175898
0.158521
0.866652
0.374105
1.597992
1.372169
-2.195002
1.621717
1.565005
-1.752933
2.441969
-2.168164
0.137776
-0.733634
1.780929
0.938702
-0.019329
-2.456981
1.630075
0.973390
0.308201
1.044421
-0.204386
0.572454
0.533380
-0.314921
-0.629767
1.192437
1.561389
2.070747
-1.854943
-0.587315
-0.214169
-1.031120
-1.122283
-1.566105
0.915454
0.880059
-1.575813
-1.880731
0.508571
2.403263
-2.211286
-2.567963
4.940346
-0.454319
3.353496
-1.346691
0.428482
-3.145704
4.102707
-1.850113
-0.426560
0.193464
-0.883377
0.322032
-1.833861
0.905137
2.886737
0.575559
-1.685341
3.581997
0.865296
1.229877
0.469748
-2.036558
-0.439645
-1.761086
1.780358
-0.905228
0.065810
3.213950
3.746391
-1.004611
0.836869
-0.697287
-0.270930
-2.417443
-1.237162
-0.158370
-0.227365
2.444247
2.492466
0.187367
