# Shape: (960, 32, 103)
# Mean: -0.017469, Max: 2.800710, Min: -3.142571
First 100 values:
0.134712
0.079209
0.236797
0.060116
0.246920
0.206289
0.314549
0.256779
0.076048
0.004331
0.227699
0.380903
0.273375
0.231627
0.074270
-0.004959
0.290232
0.091632
0.409861
0.250275
0.418463
0.606773
0.260956
0.532065
0.340584
0.663953
0.356243
0.504719
0.330662
0.160511
0.382390
0.030723
0.113861
0.077820
0.068441
0.177660
0.293038
0.344801
0.308242
0.380515
0.188992
0.105856
0.050314
-0.066407
0.339873
0.446275
0.076143
0.338568
-0.155839
0.102871
-0.023310
0.083590
0.068728
0.161857
0.115048
0.026342
0.305695
0.152544
0.441623
0.280252
0.689332
0.120889
0.412604
-0.092590
0.076733
0.102298
0.093653
0.179602
0.254443
0.300724
0.320107
0.295019
0.208385
0.281139
0.098848
0.133577
0.164183
0.056466
0.182554
0.045690
0.143000
0.210175
0.333097
0.265092
0.170094
0.092767
-0.033102
0.321809
0.036217
0.236829
0.123862
0.316827
0.367623
0.328042
0.241438
0.110605
0.136636
0.088524
0.295813
0.211543
